0 0 -1.908454212351723e-08
0.25 0 0
0.5 0 0
0.75 0 0
1 0 0
1.25 0 0
1.5 0 0
1.75 0 0
2 0 0
2.25 0 0
2.5 0 0
2.75 0 0
3 0 0
0 0.3333333333333333 -2.505902304788268e-09
0.25 0.3333333333333333 0.000921324459800868
0.5 0.3333333333333333 0.001880062449107398
0.75 0.3333333333333333 0.003049815936562935
1 0.3333333333333333 0.004512746447888823
1.25 0.3333333333333333 0.006429299231848863
1.5 0.3333333333333333 0.008792460367818418
1.75 0.3333333333333333 0.01131020729537509
2 0.3333333333333333 0.01287144960798874
2.25 0.3333333333333333 0.01268866671358717
2.5 0.3333333333333333 0.01165754120355836
2.75 0.3333333333333333 0.01076387220321615
3 0.3333333333333333 0.01036578539092353
0 0.6666666666666666 -9.077534179827777e-10
0.25 0.6666666666666666 0.001227035089540577
0.5 0.6666666666666666 0.002366250628291425
0.75 0.6666666666666666 0.003785468735510112
1 0.6666666666666666 0.005261759419201957
1.25 0.6666666666666666 0.007222637539409351
1.5 0.6666666666666666 0.009543585113818356
1.75 0.6666666666666666 0.01274599977895757
2 0.6666666666666666 0.01563235521464555
2.25 0.6666666666666666 0.01568657186117043
2.5 0.6666666666666666 0.01470656513511952
2.75 0.6666666666666666 0.01391092117048905
3 0.6666666666666666 0.01356567841263019
0 1 2.53836342165125e-10
0.25 1 0.000774146405710521
0.5 1 0.001913453778871419
0.75 1 0.002550747056936498
1 1 0.003345217001554066
1.25 1 0.003411422711537852
1.5 1 0.003431318005255583
1.75 1 0.002839306626575763
2 1 0.003902659666701235
2.25 1 0.007423027056128577
2.5 1 0.009049672101963538
2.75 1 0.01016523126476493
3 1 0.01061446802800706
