0 0 0.4794187478905404
0.07142857142857142 0 0.5149228914043883
0.1428571428571428 0 0.5530485189925419
0.2142857142857143 0 0.5939970225942782
0.2857142857142857 0 0.6379774119883774
0.3571428571428571 0 0.6852141723366773
0.4285714285714285 0 0.7359484100035674
0.5 0 0.7904390832136146
0.5714285714285714 0 0.8489643238288279
0.6428571428571428 0 0.9118228569922057
0.7142857142857142 0 0.9793355258837302
0.7857142857142857 0 1.051846929371458
0.8571428571428571 0 1.129727180916662
0.9285714285714285 0 1.21337379771082
1 0 1.303213729686995
0 0.03571428571428571 0.4478346505615872
0.07142857142857142 0.03571428571428571 0.4809414568860165
0.1428571428571428 0.03571428571428571 0.5165522628528919
0.2142857142857143 0.03571428571428571 0.5547965992862681
0.2857142857142857 0.03571428571428571 0.5958724568832457
0.3571428571428571 0.03571428571428571 0.6399894420829938
0.4285714285714285 0.03571428571428571 0.6873728231212916
0.5 0.03571428571428571 0.7382645435080294
0.5714285714285714 0.03571428571428571 0.7929245020959568
0.6428571428571428 0.03571428571428571 0.8516318911475964
0.7142857142857142 0.03571428571428571 0.9146867213079488
0.7857142857142857 0.03571428571428571 0.9824114042436276
0.8571428571428571 0.03571428571428571 1.055152509647954
0.9285714285714285 0.03571428571428571 1.133282713377308
1 0.03571428571428571 1.217203771173075
0 0.07142857142857142 0.4156180542466541
0.07142857142857142 0.07142857142857142 0.4463559899140074
0.1428571428571428 0.07142857142857142 0.4793958685880749
0.2142857142857143 0.07142857142857142 0.5148880126155521
0.2857142857142857 0.07142857142857142 0.5530072940027954
0.3571428571428571 0.07142857142857142 0.5939484439852991
0.4285714285714285 0.07142857142857142 0.637920681213726
0.5 0.07142857142857142 0.6851486417031281
0.5714285714285714 0.07142857142857142 0.7358736473164244
0.6428571428571428 0.07142857142857142 0.790354979259559
0.7142857142857142 0.07142857142857142 0.8488714432543422
0.7857142857142857 0.07142857142857142 0.9117229265273218
0.8571428571428571 0.07142857142857142 0.9792321801407097
0.9285714285714285 0.07142857142857142 1.051746704926822
1 0.07142857142857142 1.129641421846631
0 0.1071428571428571 0.3829087563837306
0.07142857142857142 0.1071428571428571 0.4111887988965366
0.1428571428571428 0.1071428571428571 0.4416279013763206
0.2142857142857143 0.1071428571428571 0.4743223015437174
0.2857142857142857 0.1071428571428571 0.5094366378340117
0.3571428571428571 0.1071428571428571 0.5471498879219432
0.4285714285714285 0.1071428571428571 0.5876550597672241
0.5 0.1071428571428571 0.6311591843153751
0.5714285714285714 0.1071428571428571 0.6778846763761652
0.6428571428571428 0.1071428571428571 0.728070539215526
0.7142857142857142 0.1071428571428571 0.7819740076028477
0.7857142857142857 0.1071428571428571 0.839872082700337
0.8571428571428571 0.1071428571428571 0.9020633531579362
0.9285714285714285 0.1071428571428571 0.968869709864458
1 0.1071428571428571 1.040638356506765
0 0.1428571428571428 0.3495321117771675
0.07142857142857142 0.1428571428571428 0.3755028577284208
0.1428571428571428 0.1428571428571428 0.4032969274074176
0.2142857142857143 0.1428571428571428 0.4331518774121635
0.2857142857142857 0.1428571428571428 0.4652161388382697
0.3571428571428571 0.1428571428571428 0.49965343955576
0.4285714285714285 0.1428571428571428 0.536640066280195
0.5 0.1428571428571428 0.5763650956727773
0.5714285714285714 0.1428571428571428 0.6190317120123772
0.6428571428571428 0.1428571428571428 0.6648582765154925
0.7142857142857142 0.1428571428571428 0.7140800849077288
0.7857142857142857 0.1428571428571428 0.7669508630886283
0.8571428571428571 0.1428571428571428 0.8237446653374675
0.9285714285714285 0.1428571428571428 0.8847573788571272
1 0.1428571428571428 0.9503080874052389
0 0.1785714285714285 0.3159896062343964
0.07142857142857142 0.1785714285714285 0.3393241930630425
0.1428571428571428 0.1785714285714285 0.3644517512220682
0.2142857142857143 0.1785714285714285 0.3914286456408391
0.2857142857142857 0.1785714285714285 0.4204020191772947
0.3571428571428571 0.1785714285714285 0.4515195729184441
0.4285714285714285 0.1785714285714285 0.4849407340319624
0.5 0.1785714285714285 0.5208363113293922
0.5714285714285714 0.1785714285714285 0.5593899708566724
0.6428571428571428 0.1785714285714285 0.6007990733796094
0.7142857142857142 0.1785714285714285 0.6452766070293312
0.7857142857142857 0.1785714285714285 0.6930526057507669
0.8571428571428571 0.1785714285714285 0.7443762111797141
0.9285714285714285 0.1785714285714285 0.7995169928093137
1 0.1785714285714285 0.8587658194758322
0 0.2142857142857143 0.2818563066790574
0.07142857142857142 0.2142857142857143 0.3027271223023841
0.1428571428571428 0.2142857142857143 0.3251369738065656
0.2142857142857143 0.2142857142857143 0.3492051004132116
0.2857142857142857 0.2142857142857143 0.3750511718616942
0.3571428571428571 0.2142857142857143 0.4028095503771882
0.4285714285714285 0.2142857142857143 0.4326229447734078
0.5 0.2142857142857143 0.4646436781441189
0.5714285714285714 0.2142857142857143 0.4990356536675506
0.6428571428571428 0.2142857142857143 0.5359748783698435
0.7142857142857142 0.2142857142857143 0.5756516705507959
0.7857142857142857 0.2142857142857143 0.6182719223197254
0.8571428571428571 0.2142857142857143 0.6640594750853095
0.9285714285714285 0.2142857142857143 0.7132573364764305
1 0.2142857142857143 0.7661283034048729
0 0.25 0.2473737032014899
0.07142857142857142 0.25 0.2657344194685477
0.1428571428571428 0.25 0.2854109781471689
0.2142857142857143 0.25 0.3065356616090787
0.2857142857142857 0.25 0.3292214234033297
0.3571428571428571 0.25 0.3535853638987565
0.4285714285714285 0.25 0.3797533361113932
0.5 0.25 0.4078588494884722
0.5714285714285714 0.25 0.4380458324469647
0.6428571428571428 0.25 0.4704685894806472
0.7142857142857142 0.25 0.5052944297172273
0.7857142857142857 0.25 0.5427046094417198
0.8571428571428571 0.25 0.5828972475448023
0.9285714285714285 0.25 0.6260885753017276
1 0.25 0.6725136867303914
0 0.2857142857142857 0.2126762536624014
0.07142857142857142 0.2857142857142857 0.228411142902063
0.1428571428571428 0.2857142857142857 0.2453207343322507
0.2142857142857143 0.2857142857142857 0.2634747484112829
0.2857142857142857 0.2857142857142857 0.2829708411211233
0.3571428571428571 0.2857142857142857 0.3039095299308837
0.4285714285714285 0.2857142857142857 0.3263991861089154
0.5 0.2857142857142857 0.3505541785249249
0.5714285714285714 0.2857142857142857 0.376498334650281
0.6428571428571428 0.2857142857142857 0.4043639261918843
0.7142857142857142 0.2857142857142857 0.4342949724574647
0.7857142857142857 0.2857142857142857 0.4664475469353591
0.8571428571428571 0.2857142857142857 0.5009935427596687
0.9285714285714285 0.2857142857142857 0.5381221491821923
1 0.2857142857142857 0.5780413631597403
0 0.3214285714285714 0.1776016937050949
0.07142857142857142 0.3214285714285714 0.1907808596576074
0.1428571428571428 0.3214285714285714 0.2049127759739889
0.2142857142857143 0.3214285714285714 0.2200756880522613
0.2857142857142857 0.3214285714285714 0.2363579863492399
0.3571428571428571 0.3214285714285714 0.2538451025658212
0.4285714285714285 0.3214285714285714 0.2726283584488718
0.5 0.3214285714285714 0.2928026261663879
0.5714285714285714 0.3214285714285714 0.3144716280560607
0.6428571428571428 0.3214285714285714 0.3377452875616792
0.7142857142857142 0.3214285714285714 0.3627441698591948
0.7857142857142857 0.3214285714285714 0.3895985753731427
0.8571428571428571 0.3214285714285714 0.4184535271739496
0.9285714285714285 0.3214285714285714 0.4494706966204502
1 0.3214285714285714 0.4828318202978885
0 0.3571428571428571 0.1423901771721504
0.07142857142857142 0.3571428571428571 0.1529377953754947
0.1428571428571428 0.3571428571428571 0.1642485391279967
0.2142857142857143 0.3571428571428571 0.1763949408930299
0.2857142857142857 0.3571428571428571 0.1894421366065683
0.3571428571428571 0.3571428571428571 0.2034556703750325
0.4285714285714285 0.3571428571428571 0.2185092370905871
0.5 0.3571428571428571 0.2346776665364603
0.5714285714285714 0.3571428571428571 0.2520447050851692
0.6428571428571428 0.3571428571428571 0.2706975963556021
0.7142857142857142 0.3571428571428571 0.2907334856021038
0.7857142857142857 0.3571428571428571 0.3122563290078201
0.8571428571428571 0.3571428571428571 0.335383461162527
0.9285714285714285 0.3571428571428571 0.3602480359694582
1 0.3571428571428571 0.3870064859805915
0 0.3928571428571428 0.1069073569652375
0.07142857142857142 0.3928571428571428 0.1148706066460364
0.1428571428571428 0.3928571428571428 0.1233663426941488
0.2142857142857143 0.3928571428571428 0.1324848547135102
0.2857142857142857 0.3928571428571428 0.1422821491459226
0.3571428571428571 0.3928571428571428 0.152805089810689
0.4285714285714285 0.3928571428571428 0.1641106353407941
0.5 0.3928571428571428 0.1762531904892141
0.5714285714285714 0.3928571428571428 0.1892969720117114
0.6428571428571428 0.3928571428571428 0.2033061403149926
0.7142857142857142 0.3928571428571428 0.2183547373700907
0.7857142857142857 0.3928571428571428 0.2345199667039437
0.8571428571428571 0.3928571428571428 0.2518906321440519
0.9285714285714285 0.3928571428571428 0.2705692640669869
1 0.3928571428571428 0.2906875734084007
0 0.4285714285714285 0.07137775816437214
0.07142857142857142 0.4285714285714285 0.07664983015945259
0.1428571428571428 0.4285714285714285 0.08232110642347627
0.2142857142857143 0.4285714285714285 0.08840204836556634
0.2857142857142857 0.4285714285714285 0.09493834873266277
0.3571428571428571 0.4285714285714285 0.1019578549131717
0.4285714285714285 0.4285714285714285 0.1095018176006289
0.5 0.4285714285714285 0.1176034243799285
0.5714285714285714 0.4285714285714285 0.1263081469470738
0.6428571428571428 0.4285714285714285 0.1356564299703399
0.7142857142857142 0.4285714285714285 0.1456998434484523
0.7857142857142857 0.4285714285714285 0.1564886929630997
0.8571428571428571 0.4285714285714285 0.1680831538266561
0.9285714285714285 0.4285714285714285 0.1805511205088039
1 0.4285714285714285 0.1939979252790562
0 0.4642857142857142 0.03570415502535508
0.07142857142857142 0.4642857142857142 0.03833272022380296
0.1428571428571428 0.4642857142857142 0.04116545113503249
0.2142857142857143 0.4642857142857142 0.04420254065935446
0.2857142857142857 0.4642857142857142 0.04747130291414096
0.3571428571428571 0.4642857142857142 0.05097872592023062
0.4285714285714285 0.4642857142857142 0.05475237385797521
0.5 0.4642857142857142 0.05880279988198733
0.5714285714285714 0.4642857142857142 0.06315816400304596
0.6428571428571428 0.4642857142857142 0.0678340578417321
0.7142857142857142 0.4642857142857142 0.07286069525085742
0.7857142857142857 0.4642857142857142 0.07826101420791616
0.8571428571428571 0.4642857142857142 0.08406905369927983
0.9285714285714285 0.4642857142857142 0.0903130239455633
1 0.4642857142857142 0.09706085711702384
0 0.5 0
0.07142857142857142 0.5 -4.152896084825485e-05
0.1428571428571428 0.5 -4.465267351113908e-05
0.2142857142857143 0.5 -5.666972594051477e-05
0.2857142857142857 0.5 -5.774923753602249e-05
0.3571428571428571 0.5 -6.739444041885698e-05
0.4285714285714285 0.5 -6.774920941528686e-05
0.5 0.5 -7.422117762315377e-05
0.5714285714285714 0.5 -7.286052409041014e-05
0.6428571428571428 0.5 -7.546827380617153e-05
0.7142857142857142 0.5 -7.093352354459268e-05
0.7857142857142857 0.5 -6.51525690002052e-05
0.8571428571428571 0.5 -4.795793150990447e-05
0.9285714285714285 0.5 -1.995985692555087e-05
1 0.5 0
