0 0.5 2.554275743221001e-06
0.07142857142857142 0.5 -3.493838772184338e-05
0.1428571428571428 0.5 -5.085470625835892e-05
0.2142857142857143 0.5 -5.163869793875295e-05
0.2857142857142857 0.5 -6.234770579602027e-05
0.3571428571428571 0.5 -6.325556873954636e-05
0.4285714285714285 0.5 -7.142755365827425e-05
0.5 0.5 -7.100257112809005e-05
0.5714285714285714 0.5 -7.561932027012294e-05
0.6428571428571428 0.5 -7.316927462464897e-05
0.7142857142857142 0.5 -7.27727244947611e-05
0.7857142857142857 0.5 -6.377316663784434e-05
0.8571428571428571 0.5 -4.887753560123157e-05
0.9285714285714285 0.5 -1.950005345702459e-05
1 0.5 0
0 0.5357142857142857 -0.03571364202607846
0.07142857142857142 0.5357142857142857 -0.0383606062381755
0.1428571428571428 0.5357142857142857 -0.0412207965465303
0.2142857142857143 0.5357142857142857 -0.04427808576297415
0.2857142857142857 0.5357142857142857 -0.04756541157766359
0.3571428571428571 0.5357142857142857 -0.0510895319526742
0.4285714285714285 0.5357142857142857 -0.05487755064812023
0.5 0.5357142857142857 -0.05894024848605831
0.5714285714285714 0.5357142857142857 -0.06330573676538623
0.6428571428571428 0.5357142857142857 -0.06799016485272967
0.7142857142857142 0.5357142857142857 -0.07302217609633752
0.7857142857142857 0.5357142857142857 -0.07842084860071015
0.8571428571428571 0.5357142857142857 -0.08421311377271318
0.9285714285714285 0.5357142857142857 -0.09041923679993405
1 0.5357142857142857 -0.09706085711747213
0 0.5714285714285714 -0.07137211368431019
0.07142857142857142 0.5714285714285714 -0.07665353044057083
0.1428571428571428 0.5714285714285714 -0.08234186151170308
0.2142857142857143 0.5714285714285714 -0.08844914210448818
0.2857142857142857 0.5714285714285714 -0.09500977116075662
0.3571428571428571 0.5714285714285714 -0.1020513608193777
0.4285714285714285 0.5714285714285714 -0.10961517838627
0.5 0.5714285714285714 -0.1177347652456632
0.5714285714285714 0.5714285714285714 -0.1264559655323824
0.6428571428571428 0.5714285714285714 -0.1358201604376134
0.7142857142857142 0.5714285714285714 -0.1458778050673467
0.7857142857142857 0.5714285714285714 -0.1566751215081662
0.8571428571428571 0.5714285714285714 -0.1682640229813519
0.9285714285714285 0.5714285714285714 -0.1806917408158663
1 0.5714285714285714 -0.1939979252756436
0 0.6071428571428571 -0.1069446098589062
0.07142857142857142 0.6071428571428571 -0.1148469904338371
0.1428571428571428 0.6071428571428571 -0.1233619101372249
0.2142857142857143 0.6071428571428571 -0.1325092606476089
0.2857142857142857 0.6071428571428571 -0.1423347669633209
0.3571428571428571 0.6071428571428571 -0.1528840361192508
0.4285714285714285 0.6071428571428571 -0.1642140147416682
0.5 0.6071428571428571 -0.176379368051546
0.5714285714285714 0.6071428571428571 -0.1894448263322681
0.6428571428571428 0.6071428571428571 -0.2034758102042896
0.7142857142857142 0.6071428571428571 -0.2185453390507245
0.7857142857142857 0.6071428571428571 -0.2347256554477426
0.8571428571428571 0.6071428571428571 -0.2520940606387777
0.9285714285714285 0.6071428571428571 -0.2707254022646571
1 0.6071428571428571 -0.2906875733825696
0 0.6428571428571428 -0.1424245962610431
0.07142857142857142 0.6428571428571428 -0.1529004205284556
0.1428571428571428 0.6428571428571428 -0.1642288286051599
0.2142857142857143 0.6428571428571428 -0.1764032059769505
0.2857142857142857 0.6428571428571428 -0.1894801809569256
0.3571428571428571 0.6428571428571428 -0.203522784184117
0.4285714285714285 0.6428571428571428 -0.2186041431067806
0.5 0.6428571428571428 -0.2347989641645425
0.5714285714285714 0.6428571428571428 -0.2521913542682895
0.6428571428571428 0.6428571428571428 -0.270870164751487
0.7142857142857142 0.6428571428571428 -0.29093135706116
0.7857142857142857 0.6428571428571428 -0.3124725877760646
0.8571428571428571 0.6428571428571428 -0.3355970432297588
0.9285714285714285 0.6428571428571428 -0.3604081621313692
1 0.6428571428571428 -0.3870064859555228
0 0.6785714285714286 -0.1775970672085951
0.07142857142857142 0.6785714285714286 -0.1907627164541031
0.1428571428571428 0.6785714285714286 -0.204890065419217
0.2142857142857143 0.6785714285714286 -0.2200749384321325
0.2857142857142857 0.6785714285714286 -0.2363858299959412
0.3571428571428571 0.6785714285714286 -0.2539029437548465
0.4285714285714285 0.6785714285714286 -0.27271595601866
0.5 0.6785714285714286 -0.2929187903340402
0.5714285714285714 0.6785714285714286 -0.3146150758719832
0.6428571428571428 0.6785714285714286 -0.3379168421436578
0.7142857142857142 0.6785714285714286 -0.3629432145644171
0.7857142857142857 0.6785714285714286 -0.3898168951457114
0.8571428571428571 0.6785714285714286 -0.4186674131303854
0.9285714285714285 0.6785714285714286 -0.4496274990077931
1 0.6785714285714286 -0.4828318202290263
0 0.7142857142857143 -0.2126333270942949
0.07142857142857142 0.7142857142857143 -0.2283774756745826
0.1428571428571428 0.7142857142857143 -0.2452943128674595
0.2142857142857143 0.7142857142857143 -0.263468608073866
0.2857142857142857 0.7142857142857143 -0.2829916285925005
0.3571428571428571 0.7142857142857143 -0.3039600780811227
0.4285714285714285 0.7142857142857143 -0.3264802245947018
0.5 0.7142857142857143 -0.3506645315826364
0.5714285714285714 0.7142857142857143 -0.3766360692407382
0.6428571428571428 0.7142857142857143 -0.4045300886361039
0.7142857142857142 0.7142857142857143 -0.4344890025336952
0.7857142857142857 0.7142857142857143 -0.4666602592046971
0.8571428571428571 0.7142857142857143 -0.5012000736270515
0.9285714285714285 0.7142857142857143 -0.5382708125056209
1 0.7142857142857143 -0.5780413620289326
0 0.75 -0.2474261240671356
0.07142857142857142 0.75 -0.2657072292021113
0.1428571428571428 0.75 -0.2853853256714343
0.2142857142857143 0.75 -0.3065276986271468
0.2857142857142857 0.75 -0.3292375844292212
0.3571428571428571 0.75 -0.3536300485672587
0.4285714285714285 0.75 -0.3798281797297752
0.5 0.75 -0.4079624201714508
0.5714285714285714 0.75 -0.4381750296271947
0.6428571428571428 0.75 -0.47062483111881
0.7142857142857142 0.75 -0.5054775561888766
0.7857142857142857 0.75 -0.5429050493775113
0.8571428571428571 0.75 -0.5830904411718824
0.9285714285714285 0.75 -0.6262257880488979
1 0.75 -0.6725136965442068
0 0.7857142857142857 -0.2817979301758721
0.07142857142857142 0.7857142857142857 -0.3026944077415967
0.1428571428571428 0.7857142857142857 -0.3251125405400744
0.2142857142857143 0.7857142857142857 -0.3491966149251963
0.2857142857142857 0.7857142857142857 -0.3750642777440728
0.3571428571428571 0.7857142857142857 -0.4028491899503848
0.4285714285714285 0.7857142857142857 -0.4326916075106798
0.5 0.7857142857142857 -0.4647393319978305
0.5714285714285714 0.7857142857142857 -0.4991533377054742
0.6428571428571428 0.7857142857142857 -0.5361167411578116
0.7142857142857142 0.7857142857142857 -0.5758185081531652
0.7857142857142857 0.7857142857142857 -0.618454380029489
0.8571428571428571 0.7857142857142857 -0.6642345733701037
0.9285714285714285 0.7857142857142857 -0.7133806880808115
1 0.7857142857142857 -0.7661283312705048
0 0.8214285714285714 -0.3159450992089974
0.07142857142857142 0.8214285714285714 -0.3392954815728969
0.1428571428571428 0.8214285714285714 -0.3644281703585081
0.2142857142857143 0.8214285714285714 -0.3914215498773264
0.2857142857142857 0.8214285714285714 -0.4204128929491835
0.3571428571428571 0.8214285714285714 -0.4515543440123074
0.4285714285714285 0.8214285714285714 -0.4850029049000035
0.5 0.8214285714285714 -0.5209228756667864
0.5714285714285714 0.8214285714285714 -0.5594931321189753
0.6428571428571428 0.8214285714285714 -0.6009223167731278
0.7142857142857142 0.8214285714285714 -0.6454223764731252
0.7857142857142857 0.8214285714285714 -0.6932122193841407
0.8571428571428571 0.8214285714285714 -0.7445293054023655
0.9285714285714285 0.8214285714285714 -0.7996246288563629
1 0.8214285714285714 -0.858765845335747
0 0.8571428571428571 -0.3495684647434979
0.07142857142857142 0.8571428571428571 -0.3754710402968119
0.1428571428571428 0.8571428571428571 -0.40327951054426
0.2142857142857143 0.8571428571428571 -0.4331481390501196
0.2857142857142857 0.8571428571428571 -0.4652249510382125
0.3571428571428571 0.8571428571428571 -0.4996828380694852
0.4285714285714285 0.8571428571428571 -0.5366951156596615
0.5 0.8571428571428571 -0.5764414849199282
0.5714285714285714 0.8571428571428571 -0.6191173944194803
0.6428571428571428 0.8571428571428571 -0.6649589844434365
0.7142857142857142 0.8571428571428571 -0.7142006795761126
0.7857142857142857 0.8571428571428571 -0.767083477699398
0.8571428571428571 0.8571428571428571 -0.8238723925920859
0.9285714285714285 0.8571428571428571 -0.8848470769806689
1 0.8571428571428571 -0.9503073720127414
0 0.8928571428571428 -0.382847835204066
0.07142857142857142 0.8928571428571428 -0.4111790223881328
0.1428571428571428 0.8928571428571428 -0.4416219143839378
0.2142857142857143 0.8928571428571428 -0.474323163961907
0.2857142857142857 0.8928571428571428 -0.5094425808259927
0.3571428571428571 0.8928571428571428 -0.5471726259410484
0.4285714285714285 0.8928571428571428 -0.5877019517799759
0.5 0.8928571428571428 -0.6312245061845152
0.5714285714285714 0.8928571428571428 -0.677950069863937
0.6428571428571428 0.8928571428571428 -0.7281452286832916
0.7142857142857142 0.8928571428571428 -0.7820661133236448
0.7857142857142857 0.8928571428571428 -0.8399742105961885
0.8571428571428571 0.8928571428571428 -0.9021629221345944
0.9285714285714285 0.8928571428571428 -0.968940204480838
1 0.8928571428571428 -1.0406365798268
0 0.9285714285714286 -0.4155718549930533
0.07142857142857142 0.9285714285714286 -0.4463457696045219
0.1428571428571428 0.9285714285714286 -0.4793957289825087
0.2142857142857143 0.9285714285714286 -0.5148923794400931
0.2857142857142857 0.9285714285714286 -0.5530080771006696
0.3571428571428571 0.9285714285714286 -0.5939624337474355
0.4285714285714285 0.9285714285714286 -0.6379576792987853
0.5 0.9285714285714286 -0.6852021867268696
0.5714285714285714 0.9285714285714286 -0.735916308121213
0.6428571428571428 0.9285714285714286 -0.7904007291527301
0.7142857142857142 0.9285714285714286 -0.8489326890260972
0.7857142857142857 0.9285714285714286 -0.911791750266416
0.8571428571428571 0.9285714285714286 -0.9793006783387069
0.9285714285714285 0.9285714285714286 -1.051796615413935
1 0.9285714285714286 -1.129636072230311
0 0.9642857142857142 -0.4477842431309245
0.07142857142857142 0.9642857142857142 -0.4809298732658512
0.1428571428571428 0.9642857142857142 -0.5165553323925304
0.2142857142857143 0.9642857142857142 -0.5548063754032558
0.2857142857142857 0.9642857142857142 -0.5958642783072786
0.3571428571428571 0.9642857142857142 -0.6399927530693837
0.4285714285714285 0.9642857142857142 -0.6873968338300491
0.5 0.9642857142857142 -0.738305140295567
0.5714285714285714 0.9642857142857142 -0.7929432265690214
0.6428571428571428 0.9642857142857142 -0.8516464754900338
0.7142857142857142 0.9642857142857142 -0.9147158359937688
0.7857142857142857 0.9642857142857142 -0.982445087303588
0.8571428571428571 0.9642857142857142 -1.055187333465824
0.9285714285714285 0.9642857142857142 -1.133309259842466
1 0.9642857142857142 -1.217204788689374
0 1 -0.4794255386042028
0.07142857142857142 1 -0.5149143907063798
0.1428571428571428 1 -0.5530523057101771
0.2142857142857143 1 -0.5940249612384024
0.2857142857142857 1 -0.6379484805870904
0.3571428571428571 1 -0.6852087444705303
0.4285714285714285 1 -0.7359541986931534
0.5 1 -0.7904609848761575
0.5714285714285714 1 -0.8489629961895188
0.6428571428571428 1 -0.9118045577680534
0.7142857142857142 1 -0.9793319654542675
0.7857142857142857 1 -1.051845427442941
0.8571428571428571 1 -1.129725808185658
0.9285714285714285 1 -1.21337297283035
1 1 -1.303213729686995
