0 1 -2.79151614090136e-14
0.25 1 0.01035027842624849
0.5 1 0.02036672116016001
0.75 1 0.0308729397379888
1 1 0.04116744415375122
1.25 1 0.05207847537767357
1.5 1 0.06292661725184694
1.75 1 0.07473683400869312
2 1 0.08853443360270599
0 1.333333333333333 1.751038098353693e-12
0.25 1.333333333333333 0.009737412655602204
0.5 1.333333333333333 0.01960280312334228
0.75 1.333333333333333 0.02925314008169199
1 1.333333333333333 0.0389586476225857
1.25 1.333333333333333 0.04837230667323553
1.5 1.333333333333333 0.05780814349453041
1.75 1.333333333333333 0.06713093165237108
2 1.333333333333333 0.07729464267697421
0 1.666666666666667 -3.422257293352371e-11
0.25 1.666666666666667 0.00935907953303344
0.5 1.666666666666667 0.01872855741146939
0.75 1.666666666666667 0.02799546791359172
1 1.666666666666667 0.03716886605652746
1.25 1.666666666666667 0.04619991915600196
1.5 1.666666666666667 0.05521118614492692
1.75 1.666666666666667 0.06437589957011562
2 1.666666666666667 0.0741404524087278
0 2 3.009021921789908e-10
0.25 2 0.009104940742300205
0.5 2 0.01819595351571353
0.75 2 0.02723223975175823
1 2 0.03622105630513454
1.25 2 0.0451731051006074
1.5 2 0.05419568544311217
1.75 2 0.0634332219639353
2 2 0.07308510495345742
0 2.333333333333333 -1.220941741935791e-09
0.25 2.333333333333333 0.008977869548112019
0.5 2.333333333333333 0.01794603157638032
0.75 2.333333333333333 0.02689814410624246
1 2.333333333333333 0.03585146371236365
1.25 2.333333333333333 0.04483856638498811
1.5 2.333333333333333 0.05393470743343416
1.75 2.333333333333333 0.06322639971985471
2 2.333333333333333 0.07277599546352084
0 2.666666666666667 2.121097436536237e-09
0.25 2.666666666666667 0.008937495269703265
0.5 2.666666666666667 0.0178741858595429
0.75 2.666666666666667 0.02681994998730894
1 2.666666666666667 0.03579681777364897
1.25 2.666666666666667 0.04483747406388056
1.5 2.666666666666667 0.05398926073700047
1.75 2.666666666666667 0.0632922581607764
2 2.666666666666667 0.07274780046544566
0 3 -2.435549543956821e-09
0.25 3 0.0089368233039711
0.5 3 0.01788033052500602
0.75 3 0.02684661426543564
1 3 0.03585718829046451
1.25 3 0.04493798653332606
1.5 3 0.05411640629431072
1.75 3 0.06340558886212876
2 3 0.07278299909233225
0 3.333333333333333 6.618080767587141e-10
0.25 3.333333333333333 0.008934391002337325
0.5 3.333333333333333 0.01788256378138928
0.75 3.333333333333333 0.02686215782711144
1 3.333333333333333 0.0358918514989084
1.25 3.333333333333333 0.04499008872987796
1.5 3.333333333333333 0.05417145465573546
1.75 3.333333333333333 0.06343677167181151
2 3.333333333333333 0.07275713601565903
0 3.666666666666667 2.342683191172104e-10
0.25 3.666666666666667 0.008893056067763284
0.5 3.666666666666667 0.01781041028884092
0.75 3.666666666666667 0.02677076203992178
1 3.666666666666667 0.03579164344801571
1.25 3.666666666666667 0.04488600730513576
1.5 3.666666666666667 0.05405871571285688
1.75 3.666666666666667 0.06330221112158797
2 3.666666666666667 0.07259120483260921
0 4 -2.406338994436604e-10
0.25 4 0.008774807943080347
0.5 4 0.0175906684458483
0.75 4 0.02647159937512845
1 4 0.03544357385446365
1.25 4 0.04452172522757439
1.5 4 0.05370352119845806
1.75 4 0.06296389536199656
2 4 0.07225775074023581
